0
32
1 1
0 0
0 0
640 0

33
45 1
8 27
3 27
960 0

34
89 1
14 10
3 27
1216 0

35
133 1
20 27
0 27
1344 0

36
177 1
17 32
2 29
1344 0

37
221 1
32 27
1 27
2176 0

38
265 1
28 27
2 27
1920 0

39
309 1
6 10
3 27
704 0

40
353 1
12 34
2 29
960 0

41
1 41
12 34
1 29
960 0

42
45 41
18 15
0 29
1216 0

43
89 41
17 17
2 22
1344 0

44
133 41
7 12
1 6
704 0

45
177 41
10 4
1 12
768 0

46
221 41
6 6
3 6
768 0

47
265 41
11 34
0 29
704 0

48
309 41
19 27
1 27
1344 0

49
353 41
19 27
1 27
1344 0

50
1 81
18 27
1 27
1344 0

51
45 81
18 27
1 27
1344 0

52
89 81
20 27
1 27
1344 0

53
133 81
17 27
2 27
1344 0

54
177 81
18 27
2 27
1344 0

55
221 81
18 27
2 27
1344 0

56
265 81
19 27
1 27
1344 0

57
309 81
18 27
1 27
1344 0

58
353 81
6 21
3 21
768 0

59
1 121
7 27
1 21
704 0

60
45 121
17 19
2 23
1344 0

61
89 121
17 10
2 19
1344 0

62
133 121
17 19
2 23
1344 0

63
177 121
18 27
1 27
1344 0

64
221 121
32 32
2 27
2240 0

65
265 121
29 27
0 27
1856 0

66
309 121
23 27
1 27
1664 0

67
353 121
21 27
2 27
1600 0

68
1 161
26 27
1 27
1856 0

69
45 161
23 27
1 27
1600 0

70
89 161
21 27
1 27
1536 0

71
133 161
26 27
2 27
1856 0

72
177 161
29 27
1 27
1984 0

73
221 161
14 27
1 27
960 0

74
265 161
16 36
-2 27
896 0

75
309 161
27 27
1 27
1792 0

76
353 161
23 27
1 27
1600 0

77
1 201
34 27
1 27
2304 0

78
45 201
28 27
1 27
1920 0

79
89 201
26 27
2 27
1920 0

80
133 201
22 27
1 27
1536 0

81
177 201
26 36
2 27
1920 0

82
221 201
27 27
1 27
1728 0

83
265 201
19 27
1 27
1408 0

84
309 201
24 27
0 27
1600 0

85
353 201
26 27
1 27
1792 0

86
1 241
28 27
-1 27
1728 0

87
45 241
42 27
-1 27
2624 0

88
89 241
28 27
0 27
1792 0

89
133 241
28 27
-1 27
1664 0

90
177 241
21 27
2 27
1600 0

91
221 241
11 34
4 29
1024 0

92
265 241
11 34
0 29
704 0

93
309 241
11 34
1 29
1024 0

94
353 241
17 17
2 27
1344 0

95
1 281
18 3
0 -2
1088 0

96
45 281
10 6
6 29
1408 0

97
89 281
20 21
2 21
1472 0

98
133 281
23 29
0 29
1600 0

99
177 281
16 21
2 21
1280 0

100
221 281
23 29
2 29
1600 0

101
265 281
18 21
2 21
1408 0

102
309 281
18 29
0 29
960 0

103
353 281
21 31
0 22
1344 0

104
1 321
24 29
0 29
1600 0

105
45 321
13 29
0 29
832 0

106
89 321
11 38
-1 29
832 0

107
133 321
24 29
0 29
1536 0

108
177 321
13 29
0 29
832 0

109
221 321
36 21
0 21
2368 0

110
265 321
24 21
0 21
1600 0

111
309 321
19 21
2 21
1472 0

112
353 321
23 30
0 21
1600 0

113
1 361
23 30
2 21
1600 0

114
45 361
19 21
0 21
1280 0

115
89 361
16 21
1 21
1216 0

116
133 361
13 26
1 26
960 0

117
177 361
23 21
1 21
1600 0

118
221 361
25 21
-1 21
1472 0

119
265 361
34 21
0 21
2112 0

120
309 361
25 21
0 21
1600 0

121
353 361
23 30
0 21
1408 0

122
1 401
17 21
1 21
1280 0

123
45 401
16 34
1 29
1088 0

124
89 401
3 38
9 29
1344 0

125
133 401
16 34
0 29
1088 0

126
177 401
17 7
2 17
1344 0

