walking e0000.bmp, 106, 164, 32, 50, 36, 24, 28, 22
walking e0001.bmp, 138, 108, 26, 50, 38, 25, 32, 21
walking e0002.bmp, 130, 2, 24, 52, 40, 24, 32, 20
walking e0003.bmp, 170, 54, 24, 50, 40, 25, 32, 21
walking e0004.bmp, 70, 168, 34, 50, 36, 25, 26, 21
walking e0005.bmp, 224, 2, 26, 50, 39, 25, 31, 21
walking e0006.bmp, 104, 2, 24, 52, 40, 24, 32, 20
walking e0007.bmp, 140, 160, 24, 50, 40, 25, 32, 21
walking n0000.bmp, 36, 182, 32, 54, 35, 23, 29, 19
walking n0001.bmp, 102, 58, 32, 52, 35, 24, 29, 20
walking n0002.bmp, 190, 2, 32, 50, 34, 24, 30, 22
walking n0003.bmp, 156, 2, 32, 50, 34, 24, 30, 22
walking n0004.bmp, 70, 2, 32, 54, 34, 23, 30, 19
walking n0005.bmp, 70, 114, 32, 52, 34, 24, 30, 20
walking n0006.bmp, 136, 56, 32, 50, 34, 24, 30, 22
walking n0007.bmp, 104, 112, 32, 50, 35, 23, 29, 23
walking s0000.bmp, 2, 66, 30, 60, 37, 23, 29, 13
walking s0001.bmp, 34, 66, 32, 58, 35, 22, 29, 16
walking s0002.bmp, 68, 58, 32, 54, 35, 22, 29, 20
walking s0003.bmp, 36, 126, 32, 54, 35, 22, 29, 20
walking s0004.bmp, 2, 2, 32, 62, 35, 22, 29, 12
walking s0005.bmp, 2, 128, 32, 58, 35, 23, 29, 15
walking s0006.bmp, 2, 188, 32, 54, 35, 23, 29, 19
walking s0007.bmp, 36, 2, 32, 54, 35, 23, 29, 19
