looking e0000.bmp, 0, 248, 78, 60, 21, 37, 29, 31
looking e0001.bmp, 79, 195, 78, 60, 21, 37, 29, 31
looking e0002.bmp, 395, 191, 76, 58, 22, 38, 30, 32
looking e0003.bmp, 229, 339, 72, 58, 24, 38, 32, 32
looking e0004.bmp, 0, 309, 76, 58, 22, 38, 30, 32
looking e0005.bmp, 160, 193, 78, 60, 21, 37, 29, 31
looking e0006.bmp, 239, 134, 78, 60, 21, 37, 29, 31
looking e0007.bmp, 340, 128, 78, 62, 21, 35, 29, 31
looking e0008.bmp, 348, 0, 80, 64, 21, 33, 27, 31
looking e0009.bmp, 0, 122, 80, 64, 23, 32, 25, 32
looking e0010.bmp, 87, 67, 80, 64, 21, 33, 27, 31
looking e0011.bmp, 261, 71, 78, 62, 21, 35, 29, 31
looking e0012.bmp, 160, 132, 78, 60, 21, 37, 29, 31
looking n0000.bmp, 281, 487, 52, 88, 36, 29, 40, 11
looking n0001.bmp, 177, 558, 52, 88, 36, 29, 40, 11
looking n0002.bmp, 0, 595, 52, 86, 35, 30, 41, 12
looking n0003.bmp, 0, 510, 54, 84, 36, 31, 38, 13
looking n0004.bmp, 55, 552, 52, 86, 35, 30, 41, 12
looking n0005.bmp, 124, 550, 52, 88, 36, 29, 40, 11
looking n0006.bmp, 177, 469, 52, 88, 36, 29, 40, 11
looking n0007.bmp, 387, 615, 50, 88, 38, 29, 40, 11
looking n0008.bmp, 0, 682, 48, 86, 39, 30, 41, 12
looking n0009.bmp, 98, 773, 46, 86, 41, 30, 41, 12
looking n0010.bmp, 53, 639, 48, 86, 39, 30, 41, 12
looking n0011.bmp, 230, 562, 50, 88, 38, 29, 40, 11
looking n0012.bmp, 124, 461, 52, 88, 36, 29, 40, 11
looking s0000.bmp, 151, 714, 48, 64, 46, 39, 34, 25
looking s0001.bmp, 434, 718, 50, 62, 45, 40, 33, 26
looking s0002.bmp, 383, 704, 50, 62, 46, 40, 32, 26
looking s0003.bmp, 200, 651, 48, 64, 48, 39, 32, 25
looking s0004.bmp, 438, 655, 50, 62, 46, 40, 32, 26
looking s0005.bmp, 332, 690, 50, 62, 45, 40, 33, 26
looking s0006.bmp, 0, 769, 48, 64, 46, 39, 34, 25
looking s0007.bmp, 151, 647, 48, 66, 46, 39, 34, 23
looking s0008.bmp, 145, 779, 46, 68, 46, 39, 36, 21
looking s0009.bmp, 200, 716, 46, 68, 46, 40, 36, 20
looking s0010.bmp, 0, 834, 46, 68, 46, 39, 36, 21
looking s0011.bmp, 102, 639, 48, 66, 46, 39, 34, 23
looking s0012.bmp, 49, 726, 48, 64, 46, 39, 34, 25
looking w0000.bmp, 391, 317, 72, 68, 36, 36, 20, 24
looking w0001.bmp, 73, 390, 70, 70, 38, 35, 20, 23
looking w0002.bmp, 213, 398, 68, 70, 39, 35, 21, 23
looking w0003.bmp, 0, 437, 68, 72, 38, 34, 22, 22
looking w0004.bmp, 144, 390, 68, 70, 39, 35, 21, 23
looking w0005.bmp, 381, 386, 70, 70, 38, 35, 20, 23
looking w0006.bmp, 0, 368, 72, 68, 36, 36, 20, 24
looking w0007.bmp, 316, 264, 74, 66, 34, 37, 20, 25
looking w0008.bmp, 79, 256, 76, 64, 32, 37, 20, 27
looking w0009.bmp, 0, 187, 78, 60, 29, 39, 21, 29
looking w0010.bmp, 158, 254, 76, 64, 32, 37, 20, 27
looking w0011.bmp, 395, 250, 74, 66, 34, 37, 20, 25
looking w0012.bmp, 77, 321, 72, 68, 36, 36, 20, 24
walking e0000.bmp, 0, 0, 90, 60, 22, 36, 16, 32
walking e0001.bmp, 178, 0, 86, 60, 23, 36, 19, 32
walking e0002.bmp, 429, 126, 78, 64, 26, 34, 24, 30
walking e0003.bmp, 348, 65, 80, 62, 22, 35, 26, 31
walking e0004.bmp, 429, 63, 80, 62, 22, 36, 26, 30
walking e0005.bmp, 429, 0, 80, 62, 22, 35, 26, 31
walking e0006.bmp, 81, 132, 78, 62, 26, 35, 24, 31
walking e0007.bmp, 0, 61, 86, 60, 23, 36, 19, 32
walking n0000.bmp, 230, 469, 50, 92, 38, 25, 40, 11
walking n0001.bmp, 69, 461, 54, 90, 34, 26, 40, 12
walking n0002.bmp, 282, 398, 56, 88, 32, 25, 40, 15
walking n0003.bmp, 449, 497, 54, 90, 34, 26, 40, 12
walking n0004.bmp, 464, 317, 48, 90, 39, 27, 41, 11
walking n0005.bmp, 394, 457, 54, 90, 34, 26, 40, 12
walking n0006.bmp, 452, 408, 56, 88, 32, 25, 40, 15
walking n0007.bmp, 339, 457, 54, 90, 34, 26, 40, 12
walking s0000.bmp, 49, 791, 46, 72, 48, 39, 34, 17
walking s0001.bmp, 281, 647, 50, 70, 47, 40, 31, 18
walking s0002.bmp, 281, 576, 52, 70, 46, 38, 30, 20
walking s0003.bmp, 440, 588, 52, 66, 45, 39, 31, 23
walking s0004.bmp, 102, 706, 48, 66, 45, 41, 35, 21
walking s0005.bmp, 387, 548, 52, 66, 45, 39, 31, 23
walking s0006.bmp, 334, 548, 52, 70, 46, 38, 30, 20
walking s0007.bmp, 334, 619, 50, 70, 47, 40, 31, 18
walking w0000.bmp, 91, 0, 86, 66, 22, 38, 20, 24
walking w0001.bmp, 178, 61, 82, 70, 25, 37, 21, 21
walking w0002.bmp, 239, 195, 76, 72, 28, 35, 24, 21
walking w0003.bmp, 156, 319, 72, 70, 35, 36, 21, 22
walking w0004.bmp, 308, 331, 72, 66, 35, 37, 21, 25
walking w0005.bmp, 235, 268, 72, 70, 35, 36, 21, 22
walking w0006.bmp, 318, 191, 76, 72, 28, 35, 24, 21
walking w0007.bmp, 265, 0, 82, 70, 25, 37, 21, 21
