0
32
1 1
0 0
0 0
384 0

35
19 1
12 12
0 12
768 0

40
37 1
6 10
0 10
384 0

41
55 1
6 10
0 10
384 0

42
73 1
10 10
0 10
768 0

48
91 1
10 10
1 10
768 0

49
109 1
5 10
0 10
384 0

50
127 1
10 10
1 10
768 0

51
1 15
10 10
1 10
768 0

52
19 15
10 10
1 10
768 0

53
37 15
10 10
1 10
768 0

54
55 15
10 10
1 10
768 0

55
73 15
10 10
1 10
768 0

56
91 15
10 10
1 10
768 0

57
109 15
10 10
1 10
768 0

65
127 15
10 10
1 10
768 0

66
1 29
10 10
1 10
768 0

67
19 29
10 10
1 10
768 0

68
37 29
10 10
1 10
768 0

69
55 29
10 10
1 10
768 0

70
73 29
10 10
1 10
768 0

71
91 29
10 10
1 10
768 0

72
109 29
10 10
1 10
768 0

73
127 29
4 10
1 10
384 0

74
1 43
10 10
1 10
768 0

75
19 43
10 10
1 10
768 0

76
37 43
10 10
1 10
768 0

77
55 43
16 10
1 10
1152 0

78
73 43
10 10
1 10
768 0

79
91 43
10 10
1 10
768 0

80
109 43
10 10
1 10
768 0

81
127 43
10 10
1 10
768 0

82
1 57
10 10
1 10
768 0

83
19 57
10 10
1 10
768 0

84
37 57
10 10
1 10
768 0

85
55 57
10 10
1 10
768 0

86
73 57
10 10
1 10
768 0

87
91 57
16 10
1 10
1152 0

88
109 57
10 10
1 10
768 0

89
127 57
10 10
1 10
768 0

90
1 71
10 10
1 10
768 0

91
19 71
6 10
0 10
384 0

93
37 71
6 10
0 10
384 0

97
55 71
10 10
0 10
768 0

98
73 71
10 10
0 10
768 0

99
91 71
10 10
0 10
768 0

100
109 71
10 10
0 10
768 0

101
127 71
10 10
0 10
768 0

102
1 85
10 10
0 10
768 0

103
19 85
10 10
0 10
768 0

104
37 85
10 10
0 10
768 0

105
55 85
4 10
0 10
384 0

106
73 85
10 10
0 10
768 0

107
91 85
10 10
0 10
768 0

108
109 85
10 10
0 10
768 0

109
127 85
16 10
0 10
1152 0

110
1 99
10 10
0 10
768 0

111
19 99
10 10
0 10
768 0

112
37 99
10 10
0 10
768 0

113
55 99
10 10
0 10
768 0

114
73 99
10 10
0 10
768 0

115
91 99
10 10
0 10
768 0

116
109 99
10 10
0 10
768 0

117
127 99
10 10
0 10
768 0

118
1 113
10 10
0 10
768 0

119
19 113
16 10
0 10
1152 0

120
37 113
10 10
0 10
768 0

121
55 113
10 10
0 10
768 0

122
73 113
10 10
0 10
768 0

