0
32
1 1
0 0
0 0
704 0

33
34 1
4 26
4 26
704 0

34
67 1
10 9
2 28
832 0

35
100 1
22 26
0 26
1472 0

36
133 1
15 30
4 28
1472 0

37
166 1
24 28
0 27
1536 0

38
199 1
22 26
1 26
1600 0

39
232 1
4 10
2 28
512 0

40
265 1
8 33
2 28
768 0

41
298 1
8 33
1 28
768 0

42
1 37
13 13
2 26
1088 0

43
34 37
22 22
4 22
1856 0

44
67 37
4 9
4 4
704 0

45
100 37
15 2
3 12
1344 0

46
133 37
4 4
4 4
704 0

47
166 37
11 31
4 26
1216 0

48
199 37
18 26
2 26
1472 0

49
232 37
8 26
5 26
1472 0

50
265 37
16 26
3 26
1472 0

51
298 37
15 26
4 26
1472 0

52
1 73
18 26
2 26
1472 0

53
34 73
14 26
4 26
1472 0

54
67 73
18 26
2 26
1472 0

55
100 73
17 26
4 26
1472 0

56
133 73
17 26
3 26
1472 0

57
166 73
18 26
3 26
1472 0

58
199 73
4 19
4 19
704 0

59
232 73
4 24
4 19
704 0

60
265 73
21 21
4 21
1856 0

61
298 73
21 9
4 15
1856 0

62
1 109
21 21
4 21
1856 0

63
34 109
14 26
1 26
960 0

64
67 109
28 26
2 26
1984 0

65
100 109
24 26
0 26
1600 0

66
133 109
16 26
3 26
1344 0

67
166 109
21 26
2 26
1600 0

68
199 109
22 26
3 26
1728 0

69
232 109
15 26
3 26
1280 0

70
265 109
15 26
3 26
1216 0

71
298 109
21 26
2 26
1664 0

72
1 145
20 26
3 26
1664 0

73
34 145
4 26
3 26
640 0

74
67 145
11 31
-3 26
704 0

75
100 145
21 26
3 26
1536 0

76
133 145
15 26
3 26
1216 0

77
166 145
24 26
3 26
1984 0

78
199 145
20 26
3 26
1728 0

79
232 145
24 26
2 26
1792 0

80
265 145
16 26
3 26
1280 0

81
298 145
27 31
2 26
1792 0

82
1 181
19 26
3 26
1472 0

83
34 181
16 26
2 26
1216 0

84
67 181
22 26
1 26
1472 0

85
100 181
19 26
3 26
1600 0

86
133 181
23 26
1 26
1536 0

87
166 181
31 26
0 26
1984 0

88
199 181
21 26
0 26
1472 0

89
232 181
22 26
0 26
1408 0

90
265 181
18 26
2 26
1408 0

91
298 181
7 33
3 28
768 0

92
1 217
11 31
4 26
1216 0

93
34 217
7 33
1 28
768 0

94
67 217
19 19
2 26
1472 0

95
100 217
14 3
2 0
1152 0

96
133 217
8 6
7 29
1408 0

97
166 217
17 19
2 19
1280 0

98
199 217
17 28
3 28
1472 0

99
232 217
15 19
2 19
1152 0

100
265 217
17 28
2 28
1472 0

101
298 217
17 19
2 19
1280 0

102
1 253
13 28
1 28
832 0

103
34 253
17 26
2 19
1408 0

104
67 253
16 28
3 28
1408 0

105
100 253
4 26
3 26
640 0

106
133 253
10 33
-2 26
704 0

107
166 253
18 28
3 28
1344 0

108
199 253
4 28
3 28
640 0

109
232 253
28 19
3 19
2176 0

110
265 253
16 19
3 19
1408 0

111
298 253
18 19
2 19
1408 0

112
1 289
17 26
3 19
1472 0

113
34 289
17 26
2 19
1472 0

114
67 289
11 19
3 19
960 0

115
100 289
13 19
3 19
1152 0

116
133 289
11 23
1 23
832 0

117
166 289
16 19
3 19
1408 0

118
199 289
18 19
0 19
1216 0

119
232 289
27 19
0 19
1792 0

120
265 289
19 19
2 19
1408 0

121
298 289
18 26
0 19
1216 0

122
1 325
16 19
2 19
1344 0

123
34 325
9 33
0 28
768 0

124
67 325
2 33
6 28
832 0

125
100 325
9 33
2 28
768 0

126
133 325
19 6
2 13
1472 0

199
166 325
21 34
2 26
1600 0

214
199 325
24 31
2 31
1792 0

220
232 325
19 31
3 31
1600 0

226
265 325
17 28
2 28
1280 0

231
298 325
15 27
2 19
1152 0

246
1 361
18 25
2 25
1408 0

252
34 361
16 25
3 25
1408 0

286
67 361
21 33
2 33
1664 0

287
100 361
17 34
2 27
1408 0

304
133 361
4 32
3 32
640 0

305
166 361
4 19
3 19
640 0

350
199 361
16 34
2 26
1216 0

351
232 361
13 27
3 19
1152 0

8217
265 361
4 10
4 28
704 0

8220
298 361
10 9
2 28
832 0

8221
1 397
10 9
2 28
832 0

